10,113
10,87
10,107
10,85
10,191
10,185
10,139
10,3
9,2
9,3
8,7
8,15
8,9
8,5
8,4
8,2
2,2
2,1
2,3
50,3
50,2
50,1
49,3
49,2
49,1
48,3
48,1
47,3
47,1
45,3
45,1
42,3
42,1
40,3
40,1
38,3
38,1
36,3
36,1
31,3
31,1
28,3
28,1
20,3
20,2
20,1
19,3
19,2
19,1
18,3
18,1
14,3
14,1
13,3
13,1
12,3
12,2
12,1
11,29
11,28
11,27
11,26
11,25
11,24
11,23
11,22
11,21
11,20
11,19
11,18
11,17
11,16
11,15
11,14
11,13
11,12
11,11
11,10
11,9
11,8
11,7
11,6
11,5
11,4
11,3
11,2
11,1
11,0
10,313
10,309
10,308
10,307
10,305
10,303
10,301
10,299
10,293
10,291
10,290
10,288
10,286
10,285
10,283
10,281
10,278
10,274
10,272
